SP

[50. 50. 50. 50. 50. 50. 50. 50. 50. 50. 80. 80. 80. 80. 80. 80. 80. 80.
 80. 80. 80. 80. 80. 80. 80. 80. 80. 80. 80. 80. 80. 80. 80. 80. 80. 80.
 80. 80. 80. 80. 80. 80. 80. 80. 80. 80. 80. 80. 80. 80. 80. 80. 80. 80.
 80. 80. 80. 80. 80. 80. 80. 80. 80. 80. 80. 80. 80. 80. 80. 80. 80. 80.
 80. 80. 80. 80. 80. 80. 80. 80. 80. 80. 80. 80. 80. 80. 80. 80. 80. 80.
 80. 80. 80. 80. 80. 80. 80. 80. 80. 80. 80. 80. 80. 80. 80. 80. 80. 80.
 80. 80. 80. 80. 80. 80. 80. 80. 80. 80. 80. 80. 80. 80. 80. 80. 80. 80.
 80. 80. 80. 80. 80. 80. 80. 80. 80. 80. 80. 80. 80. 80. 80. 80. 80. 80.
 80. 80. 80. 80. 80. 80. 80. 80. 80. 80. 80. 80. 80. 80. 80. 80. 80. 80.
 80. 80. 80. 80. 80. 80. 80. 80. 80. 80. 80. 80. 80. 80. 80. 80. 80. 80.
 70. 70. 70. 70. 70. 70. 70. 70. 70. 70. 70. 70. 70. 70. 70. 70. 70. 70.
 70. 70. 70. 70. 70. 70. 70. 70. 70. 70. 70. 70. 70. 70. 70. 70. 70. 70.
 70. 70. 70. 70. 70. 70. 70. 70. 70. 70. 70. 70. 70. 70. 70. 70. 70. 70.
 70. 70. 70. 70. 70. 70. 70. 70. 70. 70. 70. 70. 70. 70. 70. 70. 70. 70.
 70. 70. 70. 70. 70. 70. 70. 70. 70. 70. 70. 70. 70. 70. 70. 70. 70. 70.
 70. 70. 70. 70. 70. 70. 70. 70. 70. 70. 70. 70. 70. 70. 70. 70. 70. 70.
 70. 70. 70. 70. 70. 70. 70. 70. 70. 70. 70.  0.]

PV

[50.         50.         50.         50.         50.         50.        
 50.         50.         50.         50.         50.         50.        
 50.         50.         50.         50.         55.5598446  61.14115625
 66.74288697 72.36404048 78.00367132 83.66087607 88.25017172 91.76522239
 94.19999483 95.54874597 95.80600687 94.96657861 93.23708885 91.12839319
 89.12253981 87.21451303 85.3995418  83.67308775 82.03083385 80.4686731 
 79.16982182 78.21755721 77.59542958 77.28778066 77.2796805  77.55691621
 78.06944334 78.75083745 79.5377522  80.36976032 81.1892255  81.94117471
 82.58029829 83.07415559 83.40259878 83.55722259 83.54083741 83.36695384
 83.05793345 82.64247626 82.15322173 81.62447597 81.090016   80.58100471
 80.12426116 79.74101614 79.44613127 79.24777308 79.14750745 79.14080037
 79.21785696 79.36471223 79.56445124 79.7985483  80.04812597 80.29515408
 80.52348261 80.71965669 80.87349498 80.97841015 81.03148522 81.03330818
 80.98762289 80.90078973 80.78116004 80.638379   80.48265959 80.32411343
 80.1721426  80.03488952 79.91888136 79.82876539 79.76719473 79.73484932
 79.73056852 79.75159159 79.79388418 79.85248121 79.92190384 79.99652034
 80.07091803 80.14021409 80.20030358 80.24804068 80.28134563 80.29923155
 80.301766   80.28996461 80.26565044 80.23125448 80.1896212  80.14378271
 80.09676783 80.05140593 80.01017006 79.97506424 79.94753711 79.92844474
 79.91805349 79.91607609 79.92173693 79.93387137 79.95102582 79.9715809
 79.99385928 80.01623196 80.03723144 80.05560247 80.07037503 80.08089329
 80.08683195 80.08817481 80.08519848 80.07842046 80.06854512 80.05641659
 80.04293214 80.02899448 80.01545912 80.00307526 79.99245678 79.98405594
 79.97814425 79.97481964 79.97401603 79.97551585 79.97898501 79.98399707
 79.99007237 79.99671438 80.00343252 80.0097855  80.01539072 80.01994978
 80.02325701 80.02520417 80.02577756 80.02505072 80.02317037 80.02034146
 80.01681117 80.01284603 80.00871614 80.00467879 80.00096211 79.99775121
 79.99518869 79.9933596  79.99230427 79.99199897 79.99238798 79.99337507
 79.99483618 79.99662897 79.99860563 80.00062121 80.00253894 80.00424266
 80.00564523 80.00667919 80.00730873 80.00752734 80.00735648 80.00683732
 80.00602881 80.00500269 80.00383953 80.00261914 80.0014191  80.00030613
 78.53717569 77.14540293 75.8215077  74.56217957 73.36426958 72.22478232
 71.14086913 70.15131556 69.39859517 68.8714741  68.5592521  68.4517366
 68.53920978 68.80433309 69.20189373 69.68876285 70.2238044  70.7677749
 71.28325469 71.73612363 72.10101223 72.36090717 72.5067879  72.53725229
 72.45818418 72.28210932 72.02650542 71.71217113 71.36167987 70.99788774
 70.64251906 70.31485059 70.03076495 69.80208903 69.63623939 69.53616591
 69.50056627 69.52435358 69.59933063 69.71496065 69.8592363  70.01954776
 70.18350875 70.33970306 70.47829345 70.59147377 70.67377035 70.72215294
 70.73599361 70.7169011  70.66839566 70.59550973 70.50435689 70.40163818
 70.29418474 70.18851845 70.09047567 70.00491272 69.93549648 69.88458487
 69.8532003  69.8410901  69.84685569 69.86815115 69.90190075 69.94456502
 69.99239767 70.04169319 70.08900735 70.13135358 70.16633716 70.1922492
 70.20810596 70.21364827 70.20928115 70.19600035 70.17525982 70.14885105
 70.11876607 70.08703753 70.0556242  70.02629358 70.00052701 69.97945882
 69.96383735 69.95400751 69.94993611 69.95124263 69.95725437 69.96707751
 69.9796697  69.99391811 70.00871425 70.02302212 70.03593499 70.04671854
 70.0548409  70.05998587 70.06205224 70.06114445 70.05753529 70.05164703
 70.04400742 70.03520144 70.0258363  70.0165009  70.0077276  69.99997099
 69.99357833 69.98878559 69.98571021 69.98435454 69.98461325 69.98629914]

CV

[ 0.          0.          0.          0.          0.          0.
  0.          0.          0.          0.         57.         60.
 63.         66.         69.         72.         63.8803108  55.16170304
 45.84412598 35.92753026 25.41186454 14.29708789  4.75240898  0.
  0.          0.          0.          0.          0.          0.
  1.91838739  4.82218696  7.73067811 10.64363203 13.56083107 16.48206917
 19.03290442 21.02045147 22.442951   23.29870589 23.58612813 23.30368868
 22.52294279 21.35321024 19.90429698 18.28650553 16.61059914 14.98777817
 13.51541353 12.2696691  11.30536717 10.65585967 10.33290777 10.32659116
 10.60793657 11.1330576  11.84731904 12.68948837 13.59596073 14.50498171
 15.36036833 16.11443226 16.73010039 17.18220365 17.45795758 17.556621
 17.48842779 17.27293155 16.9369823  16.51234307 16.0333329  15.53446408
 15.04829161 14.60359519 14.22395293 13.9267731  13.72278195 13.61598751
 13.60402726 13.6789313  13.82811171 14.03555778 14.28315871 14.55198505
 14.82351538 15.08080727 15.30933466 15.49767846 15.63794324 15.72591457
 15.76099125 15.74588825 15.68614391 15.58956145 15.46546805 15.32404466
 15.17559727 15.02991334 14.89571294 14.78020838 14.68879443 14.62488802
 14.58989597 14.58332214 14.60295402 14.6451809  14.70532201 14.77803686
 14.85768837 14.93873537 15.01606652 15.08526116 15.14280899 15.18624001
 15.21417804 15.22632751 15.22339822 15.20695564 15.17925961 15.14304686
 15.101332   15.05720071 15.01357856 14.97311335 14.93800798 14.90993396
 14.88996732 14.8785984  14.87573359 14.88076977 14.89267842 14.91008095
 14.9314082  14.95499031 14.97916159 15.00238338 15.02331282 15.04086881
 15.05428661 15.06312141 15.06724666 15.06684541 15.06235551 15.05443289
 15.04388257 15.03159133 15.01848361 15.0054344  14.99324541 14.98258821
 14.97397878 14.96775876 14.96409157 14.96296749 14.96422311 14.9675639
 14.97259033 14.97883949 14.98581468 14.99301775 14.99998323 15.00630881
 15.01165874 15.01579804 15.01857275 15.01995293 15.01997501 15.01876204
 15.01650231 15.0134331  15.0098169  15.00592516 15.00202759 14.99836625
 14.99513684 14.9925044  14.9905774  14.98940931 14.98899829 14.98930096
  0.          0.          0.          0.          0.          0.
  0.          0.42542342  2.35867359  4.29517908  6.23478111  8.17732868
 10.12267681 11.98769705 13.47800627 14.59238889 15.32968547 15.68879128
 15.66867125 15.28450365 14.60894906 13.71502146 12.67606206 11.56574064
 10.45800357  9.42394022  8.52055065  7.79065955  7.26280736  6.95119979
  6.85561079  6.96194209  7.24493896  7.67095699  8.2007224   8.79213867
  9.40308726  9.9941723  10.53085852 10.98513386 11.33662425 11.57314726
 11.69072995 11.69309871 11.59070925 11.39951615 11.13946879 10.83292222
 10.50304548 10.17230598  9.86115488  9.5869649   9.36322437  9.19908215
  9.09918553  9.06377118  9.08909196  9.16802425  9.29077895  9.44578069
  9.62052375  9.80243785  9.97967156 10.14174989 10.28009111 10.38836469
 10.46267533 10.5015757  10.50593551 10.47865902 10.4243447  10.34882608
 10.25870429 10.16087348 10.06207584  9.96848265  9.88538012  9.81692233
  9.76598388  9.73408868  9.72145809  9.72709157  9.7489726   9.78426416
  9.82954902  9.88112948  9.93525239  9.98835121 10.03725499 10.07933868
 10.11263572 10.13591167 10.14865372 10.15104708 10.14389934 10.12852762
 10.10663548 10.08017169 10.0511876  10.02170043  9.99357248  9.96841188
  9.9474953   9.93172129  9.92158995  9.9172003   9.91830418  9.92432717
  9.9344417   9.9476529   9.96286304  9.97895022  9.99484672 10.00958719
 10.0223754  10.03260305 10.03987526 10.04401557 10.0450627   0.        ]