SP

[50. 50. 50. 50. 50. 50. 50. 50. 50. 50. 80. 80. 80. 80. 80. 80. 80. 80.
 80. 80. 80. 80. 80. 80. 80. 80. 80. 80. 80. 80. 80. 80. 80. 80. 80. 80.
 80. 80. 80. 80. 80. 80. 80. 80. 80. 80. 80. 80. 80. 80. 80. 80. 80. 80.
 80. 80. 80. 80. 80. 80. 80. 80. 80. 80. 80. 80. 80. 80. 80. 80. 80. 80.
 80. 80. 80. 80. 80. 80. 80. 80. 80. 80. 80. 80. 80. 80. 80. 80. 80. 80.
 80. 80. 80. 80. 80. 80. 80. 80. 80. 80. 80. 80. 80. 80. 80. 80. 80. 80.
 80. 80. 80. 80. 80. 80. 80. 80. 80. 80. 80. 80. 80. 80. 80. 80. 80. 80.
 80. 80. 80. 80. 80. 80. 80. 80. 80. 80. 80. 80. 80. 80. 80. 80. 80. 80.
 80. 80. 80. 80. 80. 80. 80. 80. 80. 80. 80. 80. 80. 80. 80. 80. 80. 80.
 80. 80. 80. 80. 80. 80. 80. 80. 80. 80. 80. 80. 80. 80. 80. 80. 80. 80.
 70. 70. 70. 70. 70. 70. 70. 70. 70. 70. 70. 70. 70. 70. 70. 70. 70. 70.
 70. 70. 70. 70. 70. 70. 70. 70. 70. 70. 70. 70. 70. 70. 70. 70. 70. 70.
 70. 70. 70. 70. 70. 70. 70. 70. 70. 70. 70. 70. 70. 70. 70. 70. 70. 70.
 70. 70. 70. 70. 70. 70. 70. 70. 70. 70. 70. 70. 70. 70. 70. 70. 70. 70.
 70. 70. 70. 70. 70. 70. 70. 70. 70. 70. 70. 70. 70. 70. 70. 70. 70. 70.
 70. 70. 70. 70. 70. 70. 70. 70. 70. 70. 70. 70. 70. 70. 70. 70. 70. 70.
 70. 70. 70. 70. 70. 70. 70. 70. 70. 70. 70.]

CV


[ 0.          0.          0.          0.          0.          0.19544964
  0.39351398  0.86220373  0.63454649  1.10937228 61.42316369 64.59485148
 67.19041348 70.4253426  73.66940288 76.02029158 67.46878492 57.65565429
 47.60413181 36.88329441 25.64396183 13.75688777  3.51345174  0.
  0.          0.          0.          0.          0.          0.
  1.19137943  3.65001753  6.13242956  8.64760581 11.97141503 15.33255609
 17.71484895 19.47442248 21.10058758 22.11216664 22.68464998 23.062487
 22.96652424 22.37017095 21.09894569 19.66973845 17.84276579 16.68998768
 15.37460672 13.55638054 12.18015888 11.53828246 10.66360784  9.94607447
  9.922527   10.34874942 10.60526927 11.64561734 12.26500635 13.01076179
 13.53875251 14.24156657 15.33184583 15.6306738  16.44021863 16.56905924
 17.13284805 16.86327479 16.96047259 16.86273639 16.29644181 15.84239335
 15.11967718 14.80846871 14.35813777 13.52851711 13.15596288 12.81855497
 12.62666284 12.82379118 12.46571604 12.89440377 13.66743297 14.51668805
 15.25300383 15.40304813 15.76441487 16.49750423 17.03971408 17.22335755
 17.07406896 17.32482482 17.16842286 17.28575936 17.10081999 16.93278591
 16.08751338 15.71088121 15.60743438 14.92472735 14.05662431 13.80384017
 13.22486064 13.10242409 12.48740475 12.89597517 13.19318606 13.79267368
 14.19635033 14.74096137 14.83438093 15.00347712 15.64067158 16.02814213
 16.18254081 16.66908902 16.90917419 16.45333879 16.22993429 16.18672064
 15.46948397 14.68609501 14.7578002  14.49542659 14.61813293 13.99619125
 13.96846717 13.80535187 13.7272189  14.26318463 13.9878682  14.38896417
 14.40376    14.24008402 14.89146558 15.37679011 16.05956898 16.40350847
 16.86210877 16.81030638 16.88912003 16.8984817  16.46599057 15.81347251
 15.85112008 15.67607175 15.49105582 15.22668277 15.22910692 14.95096326
 14.92165019 14.67716843 14.97865673 14.61264964 14.59335006 14.82536739
 14.54406568 14.50467125 14.48323367 14.60188329 14.48208029 14.15329385
 14.51953929 14.18772326 14.22619861 14.54329882 14.43100892 14.54285276
 15.09457963 15.41386919 15.09479001 14.75837182 15.17092208 15.39481592
 15.78530717 16.16698106 15.80289044 16.18616923 16.50359768 16.64089782
  0.          0.          0.          0.          0.          0.
  0.          0.46592529  2.84559998  5.25998639  7.32530712  9.25669645
 10.80335073 13.12623897 14.50454509 15.4591764  15.98989174 16.6015033
 16.4852958  15.76639287 14.52159668 13.4051393  12.33915587 10.78114157
  9.22486157  8.17062047  7.75027832  7.1812816   6.75083373  6.9737568
  6.83778692  6.96194652  7.03724306  7.77424457  7.99999019  9.02541584
  9.20266707  9.33888827  9.82244909 10.11590289 10.57961558 10.75240392
 10.57803509 10.31386739 10.14246905  9.93610689 10.06755529  9.69708939
  9.09976751  8.99435527  9.01755175  9.41516438  9.01462061  8.91854226
  9.46799565  9.57739278  9.2726405   9.16017149  9.408242    9.99695224
 10.14022614  9.92982944  9.76401123 10.23622203  9.88873464 10.09316819
 10.21679995 10.15787037 10.38204023  9.87216185  9.82950946 10.26672026
 10.40651044 10.50505266 10.53627341 10.92295803 10.56210747 10.68504323
 10.38129807 10.58105141 10.16052855 10.40652034  9.99391484  9.73737028
  9.37846715  9.4652987   9.8238717   9.91782511  9.50737473  9.50454516
  9.23518036  9.05930083  8.64233025  8.34947687  8.55129006  8.32101351
  8.25398434  8.38968313  8.9206352   9.59811818  9.82239855 10.37454459
 10.71334039 11.1755561  11.21811286 11.34449411 10.92899281 11.26877333
 11.12391697 11.2743376  11.35123427 11.18602166 11.21308816 11.07124835
 11.29874518 10.95908897 10.99732111 11.16677808 10.59271063]

PV

[49.7542637  49.52051226 49.56189506 49.60540099 49.46109499 49.34343832
 49.25846597 49.42917826 49.48725952 49.48168302 49.82088258 49.90969485
 50.01067143 50.1620495  50.21505476 50.39151159 56.49380236 62.49355637
 68.413855   74.31024708 80.23135582 86.07812255 90.73668762 94.41222946
 96.86690726 97.76655348 97.8391593  96.72308477 94.86768708 92.71799132
 90.45358113 88.64218013 86.9112915  85.2280942  83.46812829 81.85538596
 80.42808612 79.30293319 78.37960623 77.83532911 77.74897135 77.9653067
 78.26821263 79.02727028 79.84991643 80.54172288 81.38417555 81.9967031
 82.5052131  82.94063387 83.29379728 83.65435532 83.76631453 83.52440696
 83.13829563 82.92746435 82.47901643 81.86573684 81.29737292 80.91221608
 80.477306   80.27422862 80.04101393 79.96223215 79.89855154 79.61511451
 79.85922885 79.75184521 79.97100107 79.94075463 79.91094801 80.30668501
 80.34558369 80.68735581 80.98459836 80.81050634 80.97684476 80.83817391
 80.77760426 80.91438317 80.80661057 80.80994319 80.76837657 80.83225576
 80.57836961 80.52004803 80.37339286 80.0570523  79.73808486 79.64290284
 79.79505228 79.66415783 79.63100373 79.45453722 79.58386017 79.49813213
 79.60102416 79.80026637 80.08998815 80.17049969 80.29184827 80.51162764
 80.49903615 80.39791118 80.23327172 80.02462746 80.00868377 79.82890559
 79.87549366 79.67836757 79.71450229 79.77394961 79.97119039 79.99407367
 80.21435355 80.15875599 80.37372904 80.57868521 80.80682545 81.00405535
 80.98394341 81.11655711 80.76572397 80.68188519 80.5848119  80.30065458
 79.8328219  79.52392632 79.19736175 79.28151597 79.12115818 79.15328533
 79.41240237 79.52727406 79.64210459 79.77109577 80.13948829 80.28939156
 80.53873452 80.46729317 80.60462482 80.49768569 80.49581006 80.54522852
 80.44331187 80.54606278 80.51110293 80.33639577 80.40938649 80.22707851
 80.07837227 79.78444308 79.4217877  79.43148087 79.54996613 79.3988691
 79.30608865 79.16667469 79.29715251 79.47922978 79.53769278 79.70544892
 79.71132655 79.78706487 80.02835572 79.91561907 79.905025   80.20582657
 80.44036365 80.20734471 80.13493428 80.00769631 79.92547107 79.7670862
 79.72825029 79.83086574 79.57676564 79.76991776 80.02784772 80.05545327
 80.20069901 80.35044875 80.31776033 80.41489032 80.29553414 80.03922748
 78.64669811 77.12970234 76.01363104 74.67627228 73.25814781 71.93673015
 70.99648593 69.88805759 68.94326671 68.47808628 68.28261828 68.04550802
 68.07505099 68.54884112 68.99303962 69.60232537 70.34871635 70.73486931
 71.18576027 71.74204733 71.96466359 72.12223088 72.20811489 72.28761925
 72.07519141 71.85270191 71.90643427 71.46824978 71.21998608 71.16712721
 70.72432698 70.3152956  70.06302651 69.75525132 69.49422114 69.23668013
 69.46492316 69.76535118 69.92877457 70.29003656 70.66872522 70.74359473
 71.06532105 71.10307373 71.05245142 71.28815059 71.01868896 71.04754079
 70.73294307 70.69478368 70.56325209 70.6012296  70.61078709 70.6506535
 70.39293635 70.21940406 69.89572439 69.58689013 69.30714257 69.4423013
 69.34135679 69.51607039 69.41316224 69.73050415 70.04354503 70.32096465
 70.58618508 70.83807619 71.00059924 71.21031065 71.11637366 71.1667611
 71.26765632 70.98776904 70.70968211 70.48980673 70.41131893 70.37596252
 70.28153645 70.10616847 70.03196446 70.0475405  69.83239532 69.72343222
 69.50963187 69.36260833 69.17701545 68.90035226 68.76166373 68.68076559
 68.78934575 68.99783132 69.19828031 69.37281497 69.79163374 70.26771479
 70.62985589 70.88313446 70.87032042 71.03781751 70.86477212 70.93440203
 70.96772757 70.59745635 70.56859115 70.50540243 70.36257032 69.90193414
 69.59368453 69.67121509 69.50267417 69.28333745 69.22648636]